active 1
playing 1
playlist 0
position 491
shuffle 39,616,68,575,389,715,732,342,604,420,247,335,663,652,83,660
shuffle 751,55,547,397,386,690,684,526,203,529,168,433,658,95,655,592
shuffle 749,347,318,146,196,661,22,469,489,246,549,501,237,287,282,290
shuffle 439,612,650,264,325,183,108,706,323,96,741,648,407,263,165,476
shuffle 296,331,700,717,70,218,714,601,712,236,29,131,497,5,637,269
shuffle 343,30,271,534,107,666,9,669,169,624,729,204,589,285,623,727
shuffle 473,750,583,172,496,334,239,483,719,162,352,21,595,251,434,88
shuffle 399,103,44,569,140,73,502,361,693,705,100,41,177,93,724,447
shuffle 539,182,80,560,242,620,86,599,327,111,645,104,2,51,195,209
shuffle 649,74,288,221,220,376,682,491
resume-state 1
resume-time 253157
playlist 1
position 0
shuffle 0
resume-state 2
resume-time 6701
playlist 2
position 82
shuffle 0,468,35,475,254,737,28,441,295,143,341,219,394,389,202,684
shuffle 716,255,77,577,118,41,355,695,178,102,415,8,353,676,21,36
shuffle 377,454,37,496,705,345,734,526,249,613,664,220,699,494,129,601
shuffle 465,210,554,532,222,722,157,97,632,735,361,715,277,558,379,189
shuffle 15,729,238,723,351,321,726,442,99,583,242,245,233,563,710,176
shuffle 429,435,204,427,352,84,603,86,431,629,101,30,211,543,694,464
shuffle 80,371,4,357,400,372,383,497,117,552,69,719,480,164,65,92
shuffle 509,661,646,392,344,742,690,120,119,349,234,452,706,654,205,701
shuffle 521,116,347,579,13,366,317,181,557,188,539,486,2,268,393,746
shuffle 177,541,22,485,248,32,236,40,677,604,561,709,167,489,638,168
shuffle 330,505,517,623,397,544,172,667,286,315,264,669,239,700,130,534
shuffle 386,542,483,308,492,730,655,514,500,126,147,456,16,324,271,609
shuffle 410,43,100,555,257,279,300,589,691,309,368,751,301,481,169,173
shuffle 717,388,197,607,201,244,194,45,620,304,488,298,155,336,637,122
shuffle 123,230,398,474,51,471,407,18,453,5,74,408,263,666,66,96
shuffle 647,591,229,756,570,185,741,518,161,275,358,251,576,707,370,530
shuffle 339,241,265,443,585,296,174,131,104,206,93,310,216,556,343,235
shuffle 546,689,48,209,643,54,752,334,57,598,133,702,378,645,419,121
shuffle 163,1,588,658,67,698,50,566,467,73,289,745,714,203,749,463
shuffle 420,365,403,678,83,615,322,127,744,19,428,592,170,158,460,648
shuffle 662,578,461,252,306,107,739,162,639,109,225,165,390,679,134,224
shuffle 445,303,312,449,328,38,259,337,522,182,548,52,562,438,755,426
shuffle 59,469,595,571,713,58,418,10,540,316,499,196,457,291,375,335
shuffle 572,56,682,302,520,641,652,537,199,288,708,597,740,602,519,338
shuffle 287,89,385,283,247,115,39,285,439,47,434,642,733,697,430,326
shuffle 440,399,587,672,380,294,731,313,536,685,565,459,523,549,191,621
shuffle 553,610,396,545,644,596,612,138,149,280,270,171,267,559,605,323
shuffle 215,747,318,606,608,614,527,360,490,401,550,748,290,458,44,516
shuffle 140,472,186,231,581,680,673,636,307,136,24,346,626,190,227,212
shuffle 6,508,208,617,262,27,87,276,340,683,633,533,502,411,141,721
shuffle 580,226,95,71,284,274,391,656,466,618,448,725,46,159,736,152
shuffle 78,414,696,232,451,665,146,650,569,582,362,627,166,455,207,732
shuffle 711,412,192,319,314,17,513,447,11,484,640,200,512,256,253,31
shuffle 114,223,491,112,573,594,738,34,477,218,433,75,575,183,473,590
shuffle 406,228,354,525,432,446,660,320,62,436,479,110,675,692,531,373
shuffle 718,413,20,135,180,425,586,132,250,269,145,462,704,404,282,381
shuffle 651,103,568,53,753,113,611,624,511,76,33,243,450,142,240,297
shuffle 687,482,327,724,213,332,421,663,293,507,151,584,538,187,144,498
shuffle 503,70,160,325,64,154,599,712,292,260,634,681,273,416,82
resume-state 1
resume-time 5327
